2013;*
2014;*
